100
-980 -273
-960 -300
-920 -352
-820 -477
-800 -501
-780 -524
-760 -546
-700 -609
-680 -629
-660 -648
-620 -684
-580 -718
-560 -734
-520 -764
-480 -792
-400 -844
-380 -856
-340 -878
-320 -888
-200 -942
-160 -958
-100 -979
-80 -985
-60 -990
-40 -994
0 -1000
20 -998
40 -995
120 -979
140 -974
160 -968
200 -954
220 -946
240 -937
280 -917
300 -906
320 -894
340 -881
360 -867
400 -837
460 -789
520 -738
560 -702
600 -664
620 -644
680 -581
700 -559
740 -513
760 -489
800 -439
860 -361
880 -334
920 -278
980 -191
980 399
960 422
840 554
820 575
800 595
700 690
660 726
620 760
600 776
580 791
560 805
540 818
520 830
500 841
440 871
360 907
320 923
300 930
140 978
120 983
80 991
60 994
0 1000
-60 991
-200 963
-220 958
-280 940
-300 933
-360 909
-400 891
-420 881
-440 870
-460 858
-480 845
-500 831
-520 816
-560 784
-620 733
-640 715
-680 677
-700 657
-780 573
-840 507
-920 415
-960 367
-980 342
