900 1000
653 789 0
475 815 1
414 475 1
284 366 1
656 825 0
857 888 1
147 458 0
693 896 0
356 451 0
293 318 1
539 781 1
823 843 1
571 579 0
615 780 1
870 881 1
309 823 0
8 339 0
859 898 1
440 862 0
145 169 1
540 672 0
693 770 0
617 683 1
66 260 0
559 862 1
492 573 1
684 689 0
437 862 1
230 321 0
368 419 0
555 674 1
353 772 1
428 896 0
8 77 1
465 722 0
562 687 0
161 759 0
306 421 0
886 893 0
173 425 1
258 612 1
780 794 1
669 700 0
494 721 0
681 870 1
395 738 1
748 842 0
755 862 0
278 385 1
752 786 0
332 810 1
456 470 0
20 707 1
347 721 1
795 867 0
737 866 1
664 770 0
267 386 1
784 870 1
648 835 0
131 323 0
591 818 1
583 618 1
628 825 0
448 855 1
604 888 0
662 869 1
687 853 0
181 461 0
738 808 0
731 745 1
419 775 1
391 805 0
511 874 0
279 379 1
279 345 0
196 880 0
589 663 1
317 676 0
653 662 1
360 443 0
667 738 1
137 771 0
587 789 0
565 705 1
676 737 0
757 778 0
666 674 0
481 547 1
85 178 0
126 643 0
544 762 1
133 397 1
372 864 1
896 900 0
353 390 1
55 662 1
569 650 0
74 636 0
264 304 0
172 649 0
434 627 1
664 870 0
165 899 1
345 382 1
393 563 0
683 736 1
416 825 0
85 732 0
7 555 1
738 813 0
746 770 0
695 890 1
723 852 1
420 853 0
447 845 1
295 389 0
815 879 1
780 800 1
574 722 0
186 745 0
451 884 1
209 397 0
396 439 0
485 787 0
376 427 0
516 577 1
676 845 1
524 552 0
229 533 0
668 878 0
309 444 1
294 465 0
577 703 1
234 655 0
508 752 0
796 817 0
174 640 1
665 896 0
556 767 1
846 872 0
190 415 1
422 847 1
153 363 1
106 668 1
700 883 1
584 698 1
760 801 0
341 898 1
106 290 1
627 635 0
102 542 0
779 859 0
76 709 0
280 717 1
691 829 1
172 855 1
656 778 1
216 787 0
274 330 0
868 900 1
867 890 1
579 658 1
107 632 1
123 569 0
669 857 1
456 734 1
278 774 0
214 437 0
124 750 1
279 529 0
720 877 1
736 776 0
653 704 1
530 776 1
471 881 0
182 836 1
246 324 0
333 543 1
76 819 0
192 818 0
600 701 0
215 233 0
811 894 1
665 774 0
669 791 0
710 767 0
60 96 1
180 239 0
290 389 0
759 825 1
466 631 0
374 648 0
870 894 0
263 856 1
283 884 1
794 841 1
264 696 0
768 830 1
720 859 1
244 436 1
327 497 1
790 792 1
665 856 0
413 622 0
470 892 0
405 658 0
306 381 1
321 689 1
784 819 1
871 888 1
582 824 0
613 793 1
183 372 0
8 465 0
847 853 1
481 648 1
518 663 1
118 679 0
170 599 0
64 704 1
557 769 1
222 780 1
426 725 0
50 752 0
255 574 0
519 786 0
451 873 0
601 642 0
550 801 0
120 242 1
641 894 1
263 675 0
864 865 1
221 637 0
450 509 1
316 527 0
34 281 1
713 750 0
166 813 0
786 869 0
839 876 1
718 849 1
136 357 1
78 590 1
646 830 1
699 737 0
812 898 0
412 864 1
611 677 1
584 816 0
300 834 0
315 329 0
849 886 0
339 820 0
633 820 1
92 435 1
227 445 0
495 565 0
407 701 0
607 711 1
126 395 0
503 557 1
203 818 0
892 896 0
899 900 0
673 822 0
528 800 1
307 729 0
818 865 1
333 357 0
536 790 0
278 783 0
180 687 1
474 850 1
241 673 0
128 722 0
833 878 1
280 375 1
868 876 1
320 478 0
214 730 1
753 879 0
550 584 0
356 763 1
226 618 1
83 140 0
822 831 1
776 866 1
344 632 0
27 827 1
337 608 1
404 472 1
732 831 0
624 854 0
780 795 0
302 657 1
761 891 1
600 693 0
411 578 0
726 729 1
271 415 0
289 833 1
158 809 0
863 868 1
178 776 1
238 286 1
81 678 1
635 838 1
285 522 0
609 854 0
128 427 1
853 899 1
745 750 1
257 717 0
644 885 1
333 352 0
307 573 1
297 849 1
85 141 1
109 117 0
302 580 0
194 377 0
899 900 0
451 835 1
467 881 1
733 799 1
650 794 0
885 900 0
332 399 1
17 587 1
759 878 0
131 582 0
125 168 0
803 846 0
330 611 1
492 686 1
721 764 0
105 713 1
177 178 1
226 299 0
767 870 0
224 538 1
254 306 0
606 863 1
542 726 0
706 877 1
531 640 0
228 830 0
897 898 1
824 852 1
118 137 0
782 893 1
218 571 0
318 509 0
350 585 0
874 885 0
729 755 1
566 866 1
368 855 1
373 520 0
502 535 1
518 666 1
647 706 1
19 873 1
337 487 1
36 146 1
411 859 0
386 658 1
64 304 1
330 634 0
417 884 0
286 532 1
161 797 0
105 539 0
818 825 1
853 895 1
822 896 0
355 621 1
389 574 0
212 506 1
364 502 1
156 791 0
181 491 1
749 757 1
286 406 1
40 686 1
598 647 0
277 790 0
256 406 0
193 275 1
367 751 1
188 404 1
175 508 0
73 867 1
706 717 1
802 871 0
110 120 0
35 189 1
158 883 0
257 618 0
756 777 1
84 701 0
419 568 1
27 542 0
620 773 0
414 785 0
71 80 1
412 821 1
702 894 1
525 749 0
897 900 0
192 747 0
459 744 0
884 885 0
322 807 0
858 883 0
636 664 1
350 788 1
84 380 0
95 781 0
669 738 0
184 390 0
532 556 1
87 662 1
531 642 0
866 880 0
899 900 1
644 723 0
230 852 0
523 674 0
880 898 1
259 520 0
540 650 1
250 708 1
217 551 0
258 819 0
691 861 0
688 771 0
564 850 1
832 852 0
408 613 1
802 810 0
502 673 1
865 892 1
881 882 1
777 806 1
510 746 0
716 744 1
655 858 0
410 863 1
76 157 1
416 735 0
428 742 1
835 894 0
633 652 0
353 890 1
56 246 0
357 412 1
195 397 0
604 896 0
118 335 1
707 765 1
734 762 0
645 676 0
689 769 0
87 646 1
896 898 1
210 519 0
514 527 0
289 308 1
555 746 1
632 736 1
517 675 0
522 760 0
611 769 0
767 866 1
867 881 0
425 791 1
61 372 1
430 637 0
48 507 0
789 840 1
275 662 1
637 806 0
12 630 0
735 753 0
366 850 0
853 896 0
565 707 0
690 851 0
741 805 1
32 128 1
73 402 1
698 814 1
660 854 0
550 844 0
646 823 0
754 844 1
185 460 1
350 409 0
545 885 0
424 493 1
619 883 0
652 824 1
51 326 0
420 447 1
443 790 1
181 495 0
767 852 0
465 811 0
507 673 0
137 474 0
852 878 1
134 503 1
417 483 1
813 855 1
163 897 1
440 584 0
888 891 1
85 528 0
611 749 1
511 673 1
618 828 1
12 376 1
383 816 0
307 498 1
525 577 0
497 762 1
173 748 0
541 844 1
57 899 0
165 228 1
294 618 1
162 477 0
421 843 1
32 104 0
410 475 0
102 415 0
189 858 0
347 529 0
236 694 1
268 522 0
579 683 1
31 181 1
555 616 1
770 882 1
494 592 1
787 788 0
290 670 0
791 862 0
384 574 1
770 863 0
471 490 0
103 620 0
578 783 1
288 810 0
535 536 1
754 780 0
541 835 0
163 297 1
66 291 0
306 870 1
149 357 0
786 891 0
580 583 0
756 807 1
351 486 1
768 843 0
311 823 0
680 818 1
708 770 0
347 463 1
53 884 1
214 884 1
861 889 0
750 800 0
556 711 0
676 704 1
193 611 1
202 524 0
497 876 0
564 889 1
178 455 0
708 750 1
459 765 0
716 737 1
64 741 0
835 840 1
801 803 1
692 849 0
384 875 1
134 564 0
861 899 0
16 524 1
182 645 1
46 822 1
267 745 1
298 557 0
811 869 0
318 669 1
302 620 1
572 814 0
574 626 0
170 483 0
569 761 0
737 817 0
525 700 0
488 716 0
307 695 1
269 584 1
481 538 0
445 696 0
725 780 1
598 751 1
773 848 0
619 832 0
850 884 1
725 805 0
795 844 0
251 865 1
398 520 1
817 886 0
646 797 0
746 878 0
43 784 0
613 890 1
606 826 0
385 892 0
57 853 1
433 698 1
835 886 0
572 886 1
215 679 1
241 623 0
725 735 0
437 540 0
18 833 0
796 837 1
561 767 0
328 612 0
460 646 0
445 504 0
726 855 0
39 778 1
72 315 1
412 504 1
69 281 1
602 620 1
38 702 1
874 875 0
663 859 1
512 855 1
337 593 1
878 892 1
89 104 1
424 496 1
887 899 0
191 811 0
422 737 1
739 807 0
675 825 1
873 877 1
298 648 1
867 884 0
122 624 0
395 513 1
515 786 1
404 679 0
761 844 0
348 641 1
392 771 0
453 640 1
76 145 0
600 615 0
456 894 1
518 874 0
108 482 1
290 460 1
765 889 0
577 795 0
504 611 0
311 326 1
412 441 1
246 375 1
594 838 0
646 721 0
730 872 1
31 760 0
440 878 1
582 852 1
296 827 1
66 797 0
860 887 0
277 772 0
888 889 0
115 516 0
57 402 1
329 738 0
340 631 1
755 771 0
219 766 1
730 732 1
235 377 1
322 700 1
692 817 1
191 290 0
849 874 1
78 352 0
862 885 0
371 526 1
78 191 0
393 759 1
727 862 1
496 509 0
42 892 0
760 815 1
410 458 0
714 759 0
708 851 0
833 882 1
770 873 0
720 888 1
843 892 0
106 793 0
583 849 1
369 770 1
383 527 1
680 796 1
596 840 1
375 620 0
867 896 1
206 801 0
306 701 1
122 575 1
167 727 1
845 873 1
740 820 0
414 489 1
39 845 0
288 662 1
630 768 1
245 711 0
234 815 0
424 756 0
412 534 1
143 711 1
282 573 0
339 623 0
128 216 1
261 311 0
577 804 1
47 641 0
383 770 0
345 643 1
133 328 1
236 616 0
831 859 0
502 852 0
829 892 1
513 720 0
24 900 0
38 665 0
855 894 1
792 871 0
65 520 1
544 866 1
281 727 1
819 873 1
64 633 0
372 493 0
421 498 0
651 715 0
312 365 0
443 665 0
757 881 0
481 897 1
847 884 0
148 487 0
519 868 0
289 579 1
619 745 1
96 192 1
659 710 1
703 705 1
667 699 1
492 704 0
415 576 1
270 410 0
560 646 0
125 262 1
565 877 1
719 788 0
815 885 0
618 876 0
114 266 0
77 474 1
246 642 0
618 781 1
402 757 1
371 672 1
801 845 0
409 833 0
649 697 1
648 870 0
235 336 1
780 783 1
160 536 0
27 866 0
433 524 1
97 719 0
112 441 0
102 619 1
162 681 0
760 809 0
897 900 0
148 781 1
804 865 0
582 664 1
459 507 0
97 132 1
519 675 1
300 609 1
254 467 1
201 880 1
854 900 0
243 424 0
431 821 1
480 879 0
298 447 1
96 295 1
339 487 1
738 755 1
897 900 1
470 808 0
9 605 0
649 808 1
470 777 0
437 623 1
576 618 1
325 387 1
679 782 1
850 860 1
40 638 0
18 371 1
740 862 0
309 619 1
671 838 1
831 852 0
472 875 1
761 894 0
92 653 0
590 871 0
661 773 1
654 687 0
579 656 1
391 416 1
236 436 0
544 611 0
801 819 1
405 719 1
349 694 1
781 795 1
641 693 0
21 139 0
3 817 0
691 890 0
840 883 1
20 484 1
372 476 0
577 655 1
61 801 0
401 785 0
460 811 1
371 425 1
861 899 0
871 898 0
709 835 0
51 118 0
531 778 1
115 673 1
176 528 0
96 896 0
180 671 0
474 680 1
353 408 1
489 766 1
280 395 0
763 848 1
685 695 1
846 876 1
656 865 0
463 772 1
149 178 1
353 797 0
8 319 0
817 829 1
870 884 1
10 762 1
670 877 1
714 732 0
432 811 1
169 881 1
846 861 0
413 885 0
46 805 0
603 730 1
69 712 0
239 471 1
76 86 0
109 400 1
357 806 1
97 459 1
133 272 1
835 880 0
687 772 0
847 864 0
4 817 1
140 158 0
316 792 1
316 533 0
701 710 0
518 561 1
231 656 0
695 733 1
561 749 1
450 784 0
468 618 1
492 654 0
435 772 1
68 896 1
9 239 0
689 874 0
288 298 0
741 742 1
567 637 1
615 706 0
494 567 1
461 571 1
470 781 0
691 886 0
48 829 0
790 858 1
128 291 0
86 525 1
504 633 1
82 97 1
563 867 1
59 671 0
506 528 0
421 592 0
829 841 0
632 684 0
441 829 0
393 415 0
92 96 0
289 795 1
344 417 0
724 785 0
218 860 1
773 866 0
847 860 0
353 473 1
689 786 1
344 514 0
863 894 0
209 303 1
606 810 1
654 683 1
8 771 0
840 894 1
150 623 1
682 845 1
527 832 0
618 812 0
139 864 0
494 898 1
675 766 0
344 554 0
555 788 1
722 839 0
463 488 1
416 517 1
313 706 0
500 793 1
564 841 0
406 498 0
315 408 1
634 834 0
287 365 1
107 164 1
157 537 1
383 417 1
49 714 1
742 770 1
819 825 1
336 762 1
307 684 1
438 536 0
388 534 1
