24 -8
25 -8
25 -7
24 -7
24 -6
25 -6
25 -5
24 -5
24 -4
25 -4
25 -5
24 -5
24 -6
25 -6
25 -7
24 -7
24 -8
25 -8
25 -9
24 -9
24 -10
25 -10
25 -11
24 -11
24 -10
25 -10
25 -9
24 -9
24 -8
25 -8
25 -7
24 -7
24 -6
25 -6
25 -5
24 -5
24 -4
23 -4
23 -3
24 -3
24 -4
23 -4
23 -5
24 -5
24 -4
23 -4
23 -3
22 -3
22 -4
23 -4
23 -3
24 -3
24 -2
25 -2
25 -1
26 -1
26 -2
25 -2
25 -1
24 -1
24 -2
25 -2
25 -1
26 -1
26 0
27 0
27 -1
26 -1
26 0
25 0
25 1
26 1
26 0
25 0
25 -1
26 -1
26 0
25 0
25 1
24 1
24 2
25 2
25 1
24 1
24 0
23 0
23 1
22 1
22 2
23 2
23 3
24 3
24 2
25 2
25 3
26 3
26 2
25 2
25 3
24 3
24 2
23 2
23 3
22 3
22 2
23 2
23 3
24 3
24 2
25 2
25 3
26 3
26 4
27 4
27 3
26 3
26 4
25 4
25 5
26 5
26 4
25 4
25 3
26 3
26 4
25 4
25 5
24 5
24 6
25 6
25 5
24 5
24 4
23 4
23 5
24 5
24 4
25 4
25 5
24 5
24 4
23 4
23 3
24 3
24 4
23 4
23 5
22 5
22 6
21 6
21 7
22 7
22 8
23 8
23 7
22 7
22 8
21 8
21 7
22 7
22 8
23 8
23 9
24 9
24 8
23 8
23 9
22 9
22 10
23 10
23 9
22 9
22 8
23 8
23 9
22 9
22 10
21 10
21 11
22 11
22 10
21 10
21 9
20 9
20 8
19 8
19 9
18 9
18 10
17 10
17 9
16 9
16 8
17 8
17 7
16 7
16 6
15 6
15 7
14 7
14 8
13 8
13 9
14 9
14 10
13 10
13 11
14 11
14 12
13 12
13 11
14 11
14 10
13 10
13 9
14 9
14 8
13 8
13 7
12 7
12 8
11 8
11 9
12 9
12 10
13 10
13 9
12 9
12 10
11 10
11 11
12 11
12 10
11 10
11 9
12 9
12 10
11 10
11 11
10 11
10 10
11 10
11 11
12 11
12 12
13 12
13 11
12 11
12 12
11 12
11 13
10 13
10 12
11 12
11 13
12 13
12 14
11 14
11 15
12 15
12 14
11 14
11 13
12 13
12 12
11 12
11 13
12 13
12 14
11 14
11 15
10 15
10 16
11 16
11 15
10 15
10 14
9 14
9 15
10 15
10 14
11 14
11 15
10 15
10 14
9 14
9 13
10 13
10 12
9 12
9 13
10 13
10 14
9 14
9 15
8 15
8 16
7 16
7 17
8 17
8 18
9 18
9 17
8 17
8 18
7 18
7 17
8 17
8 18
9 18
9 19
10 19
10 18
9 18
9 19
8 19
8 20
9 20
9 19
8 19
8 18
9 18
9 19
8 19
8 20
7 20
7 21
8 21
8 20
7 20
7 19
6 19
6 18
5 18
5 19
4 19
4 18
3 18
3 19
2 19
2 18
1 18
1 19
0 19
0 18
-1 18
-1 19
-2 19
-2 18
-3 18
-3 19
-4 19
-4 18
-5 18
-5 19
-4 19
-4 18
-3 18
-3 19
-2 19
-2 18
-1 18
-1 19
0 19
0 18
1 18
1 19
2 19
2 18
3 18
3 19
4 19
4 18
5 18
5 19
6 19
6 18
7 18
7 17
6 17
6 18
7 18
7 19
6 19
6 18
7 18
7 17
8 17
8 16
7 16
7 15
8 15
8 16
7 16
7 17
8 17
8 18
9 18
9 17
10 17
10 16
11 16
11 17
12 17
12 16
11 16
11 17
10 17
10 16
9 16
9 17
10 17
10 16
11 16
11 17
12 17
12 18
13 18
13 17
14 17
14 18
15 18
15 17
14 17
14 18
13 18
13 17
12 17
12 18
11 18
11 19
12 19
12 18
11 18
11 17
12 17
12 18
11 18
11 19
10 19
10 18
11 18
11 19
12 19
12 20
13 20
13 19
12 19
12 20
11 20
11 21
12 21
12 20
11 20
11 19
12 19
12 20
11 20
11 21
10 21
10 22
11 22
11 21
10 21
10 20
9 20
9 19
8 19
8 18
9 18
9 19
8 19
8 20
7 20
7 21
6 21
6 22
7 22
7 21
6 21
6 20
5 20
5 21
6 21
6 20
7 20
7 21
6 21
6 20
5 20
5 19
6 19
6 18
5 18
5 19
6 19
6 20
5 20
5 21
4 21
4 22
5 22
5 21
4 21
4 20
3 20
3 21
4 21
4 20
5 20
5 21
4 21
4 20
3 20
3 19
4 19
4 20
3 20
3 21
2 21
2 22
3 22
3 21
2 21
2 20
1 20
1 21
2 21
2 20
3 20
3 21
2 21
2 20
1 20
1 19
2 19
2 20
1 20
1 21
0 21
0 22
1 22
1 21
0 21
0 20
-1 20
-1 21
0 21
0 20
1 20
1 21
0 21
0 20
-1 20
-1 19
0 19
0 20
-1 20
-1 21
-2 21
-2 22
-1 22
-1 21
-2 21
-2 20
-3 20
-3 21
-2 21
-2 20
-1 20
-1 21
-2 21
-2 20
-3 20
-3 19
-2 19
-2 20
-3 20
-3 21
-4 21
-4 22
-3 22
-3 21
-4 21
-4 20
-5 20
-5 19
-4 19
-4 20
-5 20
-5 21
-4 21
-4 20
-5 20
-5 19
-6 19
-6 20
-7 20
-7 21
-6 21
-6 20
-7 20
-7 19
-6 19
-6 20
-7 20
-7 21
-8 21
-8 22
-7 22
-7 21
-8 21
-8 20
-9 20
-9 21
-8 21
-8 20
-7 20
-7 21
-8 21
-8 20
-9 20
-9 19
-10 19
-10 20
-9 20
-9 19
-8 19
-8 18
-7 18
-7 17
-8 17
-8 16
-9 16
-9 17
-8 17
-8 16
-7 16
-7 17
-8 17
-8 16
-9 16
-9 15
-8 15
-8 16
-9 16
-9 17
-10 17
-10 18
-9 18
-9 17
-10 17
-10 16
-11 16
-11 17
-10 17
-10 16
-9 16
-9 17
-10 17
-10 16
-11 16
-11 15
-12 15
-12 16
-11 16
-11 15
-10 15
-10 14
-11 14
-11 13
-10 13
-10 14
-11 14
-11 15
-10 15
-10 16
-11 16
-11 15
-10 15
-10 14
-11 14
-11 13
-12 13
-12 14
-13 14
-13 15
-12 15
-12 16
-13 16
-13 17
-12 17
-12 16
-13 16
-13 15
-12 15
-12 14
-13 14
-13 13
-12 13
-12 14
-13 14
-13 15
-12 15
-12 16
-13 16
-13 17
-14 17
-14 18
-13 18
-13 17
-14 17
-14 16
-15 16
-15 17
-14 17
-14 16
-13 16
-13 17
-14 17
-14 16
-15 16
-15 15
-16 15
-16 16
-15 16
-15 15
-14 15
-14 14
-15 14
-15 15
-14 15
-14 16
-15 16
-15 15
-14 15
-14 14
-13 14
-13 15
-14 15
-14 14
-15 14
-15 13
-16 13
-16 14
-15 14
-15 13
-14 13
-14 12
-13 12
-13 13
-12 13
-12 12
-11 12
-11 13
-12 13
-12 12
-13 12
-13 13
-14 13
-14 12
-15 12
-15 13
-14 13
-14 12
-13 12
-13 13
-12 13
-12 12
-11 12
-11 11
-10 11
-10 12
-9 12
-9 13
-10 13
-10 14
-11 14
-11 15
-10 15
-10 16
-9 16
-9 15
-10 15
-10 16
-11 16
-11 17
-12 17
-12 16
-13 16
-13 17
-12 17
-12 16
-11 16
-11 17
-10 17
-10 16
-11 16
-11 17
-12 17
-12 16
-13 16
-13 15
-14 15
-14 16
-13 16
-13 15
-12 15
-12 14
-13 14
-13 15
-12 15
-12 16
-13 16
-13 15
-12 15
-12 14
-11 14
-11 15
-12 15
-12 14
-13 14
-13 13
-12 13
-12 14
-13 14
-13 15
-12 15
-12 14
-13 14
-13 13
-14 13
-14 12
-15 12
-15 11
-16 11
-16 12
-15 12
-15 11
-14 11
-14 12
-15 12
-15 11
-16 11
-16 10
-17 10
-17 11
-16 11
-16 10
-15 10
-15 9
-14 9
-14 8
-15 8
-15 7
-16 7
-16 8
-15 8
-15 7
-14 7
-14 8
-15 8
-15 7
-16 7
-16 6
-17 6
-17 7
-16 7
-16 6
-15 6
-15 5
-16 5
-16 6
-15 6
-15 7
-16 7
-16 6
-15 6
-15 5
-14 5
-14 4
-15 4
-15 5
-14 5
-14 6
-13 6
-13 7
-14 7
-14 8
-13 8
-13 9
-12 9
-12 10
-13 10
-13 11
-14 11
-14 12
-13 12
-13 11
-14 11
-14 10
-13 10
-13 11
-14 11
-14 12
-15 12
-15 13
-16 13
-16 12
-15 12
-15 13
-14 13
-14 12
-15 12
-15 13
-16 13
-16 14
-17 14
-17 15
-16 15
-16 16
-17 16
-17 17
-16 17
-16 16
-17 16
-17 15
-16 15
-16 14
-17 14
-17 13
-18 13
-18 14
-17 14
-17 13
-16 13
-16 14
-17 14
-17 13
-18 13
-18 12
-19 12
-19 13
-18 13
-18 12
-17 12
-17 11
-16 11
-16 12
-15 12
-15 13
-14 13
-14 14
-15 14
-15 13
-14 13
-14 12
-13 12
-13 13
-14 13
-14 12
-15 12
-15 13
-14 13
-14 12
-13 12
-13 11
-14 11
-14 10
-15 10
-15 9
-16 9
-16 10
-15 10
-15 9
-14 9
-14 10
-15 10
-15 9
-16 9
-16 8
-15 8
-15 7
-16 7
-16 8
-15 8
-15 9
-16 9
-16 10
-17 10
-17 9
-18 9
-18 10
-17 10
-17 9
-16 9
-16 10
-15 10
-15 9
-16 9
-16 10
-17 10
-17 9
-18 9
-18 8
-19 8
-19 9
-18 9
-18 8
-17 8
-17 7
-16 7
-16 8
-17 8
-17 7
-18 7
-18 8
-17 8
-17 7
-16 7
-16 6
-17 6
-17 5
-18 5
-18 6
-17 6
-17 5
-16 5
-16 6
-17 6
-17 5
-18 5
-18 4
-19 4
-19 5
-18 5
-18 4
-17 4
-17 3
-18 3
-18 4
-17 4
-17 5
-18 5
-18 4
-17 4
-17 3
-16 3
-16 2
-17 2
-17 3
-16 3
-16 4
-15 4
-15 5
-16 5
-16 6
-15 6
-15 7
-16 7
-16 6
-15 6
-15 5
-16 5
-16 4
-15 4
-15 3
-16 3
-16 4
-15 4
-15 5
-16 5
-16 6
-15 6
-15 7
-14 7
-14 8
-15 8
-15 9
-16 9
-16 8
-17 8
-17 7
-18 7
-18 6
-17 6
-17 5
-18 5
-18 6
-17 6
-17 7
-18 7
-18 8
-19 8
-19 7
-20 7
-20 8
-19 8
-19 7
-18 7
-18 8
-17 8
-17 7
-18 7
-18 8
-19 8
-19 7
-20 7
-20 6
-21 6
-21 7
-20 7
-20 6
-19 6
-19 5
-18 5
-18 6
-19 6
-19 5
-20 5
-20 6
-19 6
-19 5
-18 5
-18 4
-19 4
-19 3
-20 3
-20 4
-19 4
-19 3
-18 3
-18 4
-19 4
-19 3
-20 3
-20 2
-21 2
-21 3
-20 3
-20 2
-19 2
-19 1
-20 1
-20 2
-19 2
-19 3
-20 3
-20 2
-19 2
-19 1
-18 1
-18 0
-19 0
-19 1
-18 1
-18 2
-17 2
-17 3
-18 3
-18 4
-17 4
-17 5
-18 5
-18 4
-17 4
-17 3
-18 3
-18 2
-17 2
-17 1
-18 1
-18 2
-17 2
-17 3
-18 3
-18 4
-17 4
-17 5
-16 5
-16 6
-17 6
-17 7
-18 7
-18 6
-19 6
-19 5
-20 5
-20 4
-19 4
-19 3
-20 3
-20 4
-19 4
-19 5
-20 5
-20 6
-21 6
-21 5
-22 5
-22 6
-21 6
-21 5
-20 5
-20 6
-19 6
-19 5
-20 5
-20 6
-21 6
-21 5
-22 5
-22 4
-23 4
-23 5
-22 5
-22 4
-21 4
-21 3
-20 3
-20 4
-21 4
-21 3
-22 3
-22 4
-21 4
-21 3
-20 3
-20 2
-21 2
-21 1
-22 1
-22 2
-21 2
-21 1
-20 1
-20 2
-21 2
-21 1
-22 1
-22 0
-23 0
-23 1
-22 1
-22 0
-21 0
-21 -1
-22 -1
-22 0
-21 0
-21 1
-22 1
-22 0
-21 0
-21 -1
-20 -1
-20 -2
-21 -2
-21 -1
-20 -1
-20 0
-19 0
-19 1
-20 1
-20 2
-19 2
-19 3
-20 3
-20 2
-19 2
-19 1
-20 1
-20 0
-19 0
-19 -1
-20 -1
-20 0
-19 0
-19 1
-20 1
-20 2
-19 2
-19 3
-18 3
-18 4
-19 4
-19 5
-20 5
-20 4
-21 4
-21 3
-22 3
-22 2
-21 2
-21 1
-22 1
-22 2
-21 2
-21 3
-22 3
-22 4
-23 4
-23 3
-24 3
-24 4
-23 4
-23 3
-22 3
-22 4
-21 4
-21 3
-22 3
-22 4
-23 4
-23 3
-24 3
-24 2
-25 2
-25 3
-24 3
-24 2
-23 2
-23 1
-22 1
-22 2
-23 2
-23 1
-24 1
-24 2
-23 2
-23 1
-22 1
-22 0
-23 0
-23 -1
-24 -1
-24 0
-23 0
-23 -1
-22 -1
-22 0
-23 0
-23 -1
-24 -1
-24 -2
-25 -2
-25 -1
-24 -1
-24 -2
-23 -2
-23 -3
-24 -3
-24 -2
-23 -2
-23 -1
-24 -1
-24 -2
-23 -2
-23 -3
-22 -3
-22 -4
-23 -4
-23 -3
-22 -3
-22 -2
-21 -2
-21 -1
-22 -1
-22 0
-21 0
-21 1
-22 1
-22 0
-21 0
-21 -1
-22 -1
-22 -2
-21 -2
-21 -3
-22 -3
-22 -2
-21 -2
-21 -1
-22 -1
-22 0
-21 0
-21 1
-20 1
-20 2
-21 2
-21 3
-22 3
-22 2
-23 2
-23 1
-24 1
-24 0
-23 0
-23 -1
-24 -1
-24 0
-23 0
-23 1
-24 1
-24 2
-25 2
-25 1
-26 1
-26 2
-25 2
-25 1
-24 1
-24 2
-23 2
-23 1
-24 1
-24 2
-25 2
-25 1
-26 1
-26 0
-27 0
-27 1
-26 1
-26 0
-25 0
-25 -1
-24 -1
-24 0
-25 0
-25 -1
-26 -1
-26 0
-25 0
-25 -1
-24 -1
-24 -2
-25 -2
-25 -3
-26 -3
-26 -2
-25 -2
-25 -3
-24 -3
-24 -2
-25 -2
-25 -3
-26 -3
-26 -4
-27 -4
-27 -3
-26 -3
-26 -4
-25 -4
-25 -5
-26 -5
-26 -4
-25 -4
-25 -3
-26 -3
-26 -4
-25 -4
-25 -5
-24 -5
-24 -6
-25 -6
-25 -5
-24 -5
-24 -4
-23 -4
-23 -3
-24 -3
-24 -2
-23 -2
-23 -1
-24 -1
-24 -2
-23 -2
-23 -3
-24 -3
-24 -4
-23 -4
-23 -5
-24 -5
-24 -4
-23 -4
-23 -3
-24 -3
-24 -2
-23 -2
-23 -1
-22 -1
-22 0
-23 0
-23 1
-24 1
-24 0
-25 0
-25 -1
-26 -1
-26 -2
-25 -2
-25 -3
-26 -3
-26 -2
-25 -2
-25 -1
-26 -1
-26 0
-27 0
-27 -1
-28 -1
-28 0
-27 0
-27 -1
-26 -1
-26 0
-25 0
-25 -1
-26 -1
-26 0
-27 0
-27 -1
-28 -1
-28 -2
-29 -2
-29 -1
-28 -1
-28 -2
-27 -2
-27 -3
-26 -3
-26 -2
-27 -2
-27 -3
-28 -3
-28 -2
-27 -2
-27 -3
-26 -3
-26 -4
-27 -4
-27 -5
-28 -5
-28 -4
-27 -4
-27 -5
-26 -5
-26 -4
-27 -4
-27 -5
-28 -5
-28 -6
-29 -6
-29 -5
-28 -5
-28 -6
-27 -6
-27 -7
-28 -7
-28 -6
-27 -6
-27 -5
-28 -5
-28 -6
-27 -6
-27 -7
-26 -7
-26 -8
-27 -8
-27 -7
-26 -7
-26 -6
-25 -6
-25 -5
-26 -5
-26 -4
-25 -4
-25 -3
-26 -3
-26 -4
-25 -4
-25 -5
-26 -5
-26 -6
-25 -6
-25 -7
-26 -7
-26 -6
-25 -6
-25 -5
-26 -5
-26 -4
-25 -4
-25 -3
-24 -3
-24 -2
-25 -2
-25 -1
-26 -1
-26 -2
-27 -2
-27 -3
-28 -3
-28 -4
-27 -4
-27 -5
-28 -5
-28 -4
-27 -4
-27 -3
-28 -3
-28 -2
-29 -2
-29 -3
-30 -3
-30 -2
-29 -2
-29 -3
-28 -3
-28 -2
-27 -2
-27 -3
-28 -3
-28 -2
-29 -2
-29 -3
-30 -3
-30 -4
-31 -4
-31 -3
-30 -3
-30 -4
-29 -4
-29 -5
-28 -5
-28 -4
-29 -4
-29 -5
-30 -5
-30 -4
-29 -4
-29 -5
-28 -5
-28 -6
-29 -6
-29 -7
-30 -7
-30 -6
-29 -6
-29 -7
-28 -7
-28 -6
-29 -6
-29 -7
-30 -7
-30 -8
-31 -8
-31 -7
-30 -7
-30 -8
-29 -8
-29 -9
-30 -9
-30 -8
-29 -8
-29 -7
-30 -7
-30 -8
-29 -8
-29 -9
-28 -9
-28 -10
-29 -10
-29 -9
-28 -9
-28 -8
-27 -8
-27 -7
-28 -7
-28 -6
-27 -6
-27 -5
-28 -5
-28 -6
-27 -6
-27 -7
-28 -7
-28 -8
-27 -8
-27 -9
-28 -9
-28 -8
-27 -8
-27 -7
-28 -7
-28 -6
-27 -6
-27 -5
-26 -5
-26 -4
-27 -4
-27 -3
-28 -3
-28 -4
-29 -4
-29 -5
-30 -5
-30 -6
-29 -6
-29 -7
-30 -7
-30 -6
-29 -6
-29 -5
-30 -5
-30 -4
-31 -4
-31 -5
-32 -5
-32 -4
-31 -4
-31 -5
-30 -5
-30 -4
-29 -4
-29 -5
-30 -5
-30 -4
-31 -4
-31 -5
-32 -5
-32 -6
-33 -6
-33 -5
-32 -5
-32 -6
-31 -6
-31 -7
-30 -7
-30 -6
-31 -6
-31 -7
-32 -7
-32 -6
-31 -6
-31 -7
-30 -7
-30 -8
-31 -8
-31 -9
-32 -9
-32 -8
-31 -8
-31 -9
-30 -9
-30 -8
-31 -8
-31 -9
-32 -9
-32 -10
-33 -10
-33 -9
-32 -9
-32 -10
-31 -10
-31 -11
-32 -11
-32 -10
-31 -10
-31 -9
-32 -9
-32 -10
-31 -10
-31 -11
-30 -11
-30 -12
-31 -12
-31 -11
-30 -11
-30 -10
-29 -10
-29 -9
-30 -9
-30 -8
-29 -8
-29 -7
-30 -7
-30 -8
-29 -8
-29 -9
-30 -9
-30 -10
-29 -10
-29 -11
-30 -11
-30 -10
-29 -10
-29 -9
-30 -9
-30 -8
-29 -8
-29 -7
-28 -7
-28 -6
-29 -6
-29 -5
-30 -5
-30 -6
-31 -6
-31 -7
-32 -7
-32 -8
-31 -8
-31 -9
-32 -9
-32 -8
-31 -8
-31 -7
-32 -7
-32 -6
-33 -6
-33 -7
-34 -7
-34 -6
-33 -6
-33 -7
-32 -7
-32 -6
-31 -6
-31 -7
-32 -7
-32 -6
-33 -6
-33 -7
-34 -7
-34 -8
-35 -8
-35 -7
-34 -7
-34 -8
-33 -8
-33 -9
-32 -9
-32 -8
-33 -8
-33 -9
-34 -9
-34 -8
-33 -8
-33 -9
-32 -9
-32 -10
-33 -10
-33 -11
-34 -11
-34 -10
-33 -10
-33 -11
-32 -11
-32 -10
-33 -10
-33 -11
-34 -11
-34 -12
-35 -12
-35 -11
-34 -11
-34 -12
-33 -12
-33 -13
-34 -13
-34 -12
-33 -12
-33 -11
-34 -11
-34 -12
-33 -12
-33 -13
-32 -13
-32 -14
-33 -14
-33 -13
-32 -13
-32 -12
-31 -12
-31 -11
-32 -11
-32 -10
-31 -10
-31 -9
-32 -9
-32 -10
-31 -10
-31 -11
-32 -11
-32 -12
-31 -12
-31 -13
-32 -13
-32 -12
-31 -12
-31 -11
-32 -11
-32 -10
-31 -10
-31 -9
-30 -9
-30 -8
-31 -8
-31 -7
-32 -7
-32 -8
-33 -8
-33 -9
-34 -9
-34 -10
-33 -10
-33 -11
-34 -11
-34 -10
-33 -10
-33 -9
-34 -9
-34 -8
-35 -8
-35 -9
-36 -9
-36 -8
-35 -8
-35 -9
-34 -9
-34 -8
-33 -8
-33 -9
-34 -9
-34 -8
-35 -8
-35 -9
-36 -9
-36 -10
-37 -10
-37 -9
-36 -9
-36 -10
-35 -10
-35 -11
-34 -11
-34 -10
-35 -10
-35 -11
-36 -11
-36 -10
-35 -10
-35 -11
-34 -11
-34 -12
-35 -12
-35 -13
-36 -13
-36 -12
-35 -12
-35 -13
-34 -13
-34 -12
-35 -12
-35 -13
-36 -13
-36 -14
-37 -14
-37 -13
-36 -13
-36 -14
-35 -14
-35 -15
-36 -15
-36 -14
-35 -14
-35 -13
-36 -13
-36 -14
-35 -14
-35 -15
-34 -15
-34 -16
-35 -16
-35 -15
-34 -15
-34 -14
-33 -14
-33 -13
-34 -13
-34 -12
-33 -12
-33 -11
-34 -11
-34 -12
-33 -12
-33 -13
-34 -13
-34 -14
