1935
18 87 1 49 27 93 64 8 22 81 40 2 13 39 49 15 7 40 90 41 93 100 77 82 63 92 97 84 32 63 64 72 2 20 6 78 67 39 59 57 64 72 96 3 65 2 38 54 62 81 42 40 16 22 31 47 55 81 61 21 70 8 81 96 60 46 61 86 78 42 5 34 76 58 11 15 55 83 80 61 67 88 75 31 1 98 49 99 27 34 39 67 97 75 40 7 75 63 81 92 31 84 96 30 36 90 41 56 90 95 31 84 55 62 73 46 84 8 42 60 53 22 19 81 48 38 32 20 49 47 51 66 57 47 10 60 41 71 22 4 35 75 82 83 59 61 20 81 1 36 60 77 18 17 76 81 2 88 2 95 56 26 14 88 96 13 79 21 44 37 26 99 72 27 50 18 40 4 35 69 72 52 10 68 38 60 16 17 66 55 91 61 74 7 89 55 31 74 60 74 22 89 94 16 51 14 52 30 59 76 67 55 46 64 71 81 39 90 19 37 77 50 69 28 19 75 97 48 32 76 51 53 13 38 30 81 31 40 95 77 55 62 47 84 37 62 49 98 14 96 72 19 77 7 9 35 11 2 79 71 41 64 30 20 36 3 80 33 45 86 49 40 33 60 75 64 69 18 53 26 50 80 81 79 27 66 58 98 65 19 25 67 70 26 3 32 47 64 76 55 66 70 28 87 55 58 63 60 25 16 68 98 6 75 54 7 28 62 40 54 55 18 43 74 47 14 39 87 19 68 61 17 72 2 2 32 61 14 18 82 76 41 95 34 44 75 20 2 31 33 56 67 4 18 2 58 23 13 86 45 76 35 4 38 40 49 1 2 83 40 72 22 8 13 1 67 35 78 2 1 45 48 41 38 43 55 66 36 48 55 22 6 27 1 37 80 73 98 67 51 76 61 7 84 28 72 7 86 77 39 63 93 3 35 52 90 28 29 44 82 49 68 86 78 21 28 24 49 89 22 66 64 83 47 79 24 25 60 82 76 56 60 68 18 23 82 89 21 24 87 62 46 7 81 19 82 97 27 16 95 56 98 53 22 31 78 36 59 32 6 25 55 64 31 51 72 7 41 7 55 30 42 19 60 91 51 37 32 38 79 49 81 21 37 39 83 86 31 31 4 65 30 19 22 58 96 51 53 6 25 60 12 64 30 15 44 32 7 50 56 24 72 28 54 50 36 10 2 79 78 94 7 57 50 20 55 18 12 36 80 26 89 98 75 82 63 19 77 32 37 79 66 34 86 58 82 80 40 26 79 4 64 11 72 64 45 21 18 97 10 30 21 24 20 82 5 38 93 72 69 26 76 23 27 55 27 39 93 68 24 19 79 4 93 95 67 9 73 69 99 84 90 61 7 7 62 20 18 15 22 47 89 21 39 54 50 60 35 54 53 97 65 39 59 64 4 92 65 93 64 62 62 22 19 37 6 8 64 86 3 93 27 63 86 53 45 66 15 17 46 38 79 85 10 20 15 9 56 14 84 12 9 81 32 1 41 18 23 27 72 39 33 18 2 40 95 62 53 65 27 40 36 17 47 52 2 13 23 57 7 64 18 83 78 39 81 17 92 72 50 31 20 64 78 33 33 55 2 21 97 97 19 77 97 86 47 71 93 11 22 54 46 33 93 43 32 38 1 66 76 5 72 25 84 62 32 13 21 30 41 73 78 22 34 21 64 86 31 82 49 34 67 2 11 27 40 53 64 85 50 60 65 92 47 6 25 66 49 36 60 36 28 89 17 53 52 6 51 76 24 35 78 15 44 58 70 78 1 99 50 31 22 91 47 25 97 59 73 91 46 73 15 51 90 68 84 24 49 10 30 80 81 40 16 34 47 8 80 67 26 28 91 92 20 65 44 45 36 58 39 15 39 19 18 4 39 88 67 84 5 41 9 33 74 31 29 50 77 16 29 15 4 24 86 55 58 99 68 7 27 47 62 80 53 66 82 5 15 22 67 37 5 54 82 9 13 66 15 7 88 9 39 76 24 58 30 82 24 31 64 10 47 95 23 16 7 62 47 55 88 63 20 85 51 20 79 47 99 88 44 53 77 81 15 93 30 44 39 62 31 81 41 95 28 9 88 33 18 100 31 29 24 72 88 35 6 77 41 39 17 28 26 85 77 31 1 52 30 63 93 80 85 29 5 62 69 4 69 35 25 27 11 51 63 95 27 64 37 26 56 92 25 3 23 82 66 81 49 3 3 72 66 39 75 32 8 55 55 5 60 74 60 21 33 68 52 47 64 37 63 9 89 46 84 59 32 100 86 46 9 97 96 54 25 6 91 79 36 80 53 33 94 97 30 6 7 89 55 63 49 72 53 25 53 89 15 36 63 58 57 32 82 41 21 63 76 86 84 41 51 44 59 50 97 58 87 82 16 2 95 68 18 80 66 44 38 65 98 67 73 56 97 93 54 3 75 5 41 77 14 3 46 53 36 66 77 95 71 87 40 52 89 73 56 69 2 13 10 22 43 60 58 26 95 32 43 71 88 61 2 47 66 41 13 64 60 41 32 66 28 43 11 2 88 98 7 65 63 52 37 21 55 93 19 75 11 25 84 91 36 100 95 78 83 84 41 69 61 16 65 7 20 21 24 63 84 76 60 81 49 86 1 99 96 73 66 81 29 40 86 1 31 45 20 95 91 41 81 38 33 67 82 40 64 47 89 31 60 7 2 61 64 86 7 60 89 58 15 84 26 93 96 64 22 4 37 47 14 29 49 60 60 10 95 49 84 53 51 41 30 82 26 80 16 29 97 72 75 76 15 72 20 19 52 25 54 45 90 83 3 43 58 92 41 71 29 69 28 67 72 2 66 18 83 3 86 69 49 54 20 43 11 95 41 76 58 13 2 61 43 100 16 44 33 79 36 7 46 79 17 5 41 20 28 30 85 13 20 19 3 95 3 47 75 89 66 67 79 28 29 6 27 83 29 67 26 28 66 71 24 92 76 54 23 63 81 6 9 74 15 9 63 97 61 58 79 48 96 49 41 60 30 61 73 7 69 20 96 13 91 18 61 4 89 71 9 79 41 34 77 78 100 72 9 50 81 59 40 35 17 66 81 43 20 97 74 9 52 54 26 55 8 50 23 24 47 2 1 48 28 66 26 67 66 55 60 27 53 73 53 44 26 88 93 51 13 59 93 50 43 77 88 60 9 87 33 33 31 24 59 61 25 71 99 25 17 86 18 24 78 97 54 95 95 31 34 62 59 30 24 21 88 5 34 15 4 65 7 91 36 46 31 73 89 74 76 80 46 54 36 2 89 77 78 79 13 13 12 17 76 15 88 80 86 35 48 63 62 64 14 81 46 79 15 78 19 26 75 66 13 65 65 46 97 67 66 63 62 3 15 60 64 41 25 66 62 49 79 43 6 17 66 45 76 62 83 30 24 18 22 60 61 50 1 3 46 89 66 90 67 63 84 29 1 28 73 62 35 52 22 64 82 76 2 94 13 49 51 7 85 66 50 7 44 83 40 25 19 41 6 88 15 93 64 47 82 33 26 15 41 97 98 62 26 39 20 58 96 61 5 41 60 58 7 91 19 46 67 4 13 77 27 30 14 7 96 81 19 4 36 45 46 54 26 69 46 90 41 71 55 44 80 86 39 26 31 30 57 15 73 95 1 23 95 15 36 70 55 97 78 89 78 45 61 36 3 66 73 42 65 39 40 37 86 47 37 16 15 27 67 85 20 75 87 11 35 61 97 85 14 50 1 1 29 77 6 58 67 46 19 10 40 24 57 77 74 32 75 72 87 62 69 71 32 39 23 79 33 96 66 6 7 54 66 71 42 4 5 54 81 58 71 81 98 13 16 63 20 94 3 55 79 63 60 21 85 21 67 17 19 96 95 39 21 20 28 63 100 44 9 49 16 14 69 93 13 23 31 98 53 24 29 27 64 16 34 88 44 42 53 12 32 89 11 4 24 52 36 34 5 3 31 80 78 83 41 49 90 84 59 42 62 84 2 28 6 36 66 61 55 41 1 53 20 39 88 38 45 69 72 36 6 14 57 82 64 37 60 44 98 76 65 63 81 93 79 21 31 18 60 81 45 31 51 63 69 66 84 7 50 74 76 88 75 47 83 95 90 86 87 88 41 12 84 93 87 57 76 12 53 78 61 6 47 41 46 99 23 16 79 86 30 45 59 7 91 65 80 47 91 62 61 5 11 53 81 19 79 13 69 96 62 27 39 11 22 70 30 33 8 51 31 3 52 65 28 21 14 73 15 14 59 26 44 20 61 18 27 68 5 15 12 72 38 16 37 52 29 5 48 100 82 9 63 6 58 77 14 62 92 85 11 80 52 91 9 8 6 75 18 98 36 10 25 81 47 33 7 31 90 19 67 20 3 33
1130 1170
397 240
1672 397
803 935
397 576
397 1758
397 1582
1830 1472
1083 1753
1726 1291
1414 1235
1734 216
368 154
1715 615
410 272
311 1190
1459 1787
1217 1115
561 18
1640 1376
397 1292
397 1330
1480 397
1504 230
1463 675
1370 462
1298 1228
1234 937
1127 1714
459 1198
147 1392
1220 302
271 755
1178 1466
394 558
397 902
1525 397
140 1478
1614 301
633 397
397 686
397 1125
397 1818
397 1638
265 233
1656 1561
1768 397
1513 529
573 693
986 1236
714 101
1176 1820
397 441
1338 1402
825 397
397 1094
708 1495
737 1526
1678 397
1361 397
508 212
397 1530
748 397
592 80
43 397
397 451
349 1709
1606 1387
397 1598
5 512
397 1196
1188 922
839 1367
1092 206
385 1205
1199 823
1199 494
281 39
218 416
1900 397
364 550
1238 1771
1183 800
1226 397
1226 936
406 382
397 1465
1345 782
1313 5
615 1730
397 207
78 985
1181 397
1791 1727
599 1384
665 1478
1245 419
1769 215
1211 1510
878 1466
397 195
397 1049
880 612
1807 1700
1824 1688
327 1695
28 397
111 562
397 827
1767 1373
397 569
98 607
1647 906
1047 397
1008 982
1314 1700
19 15
93 164
397 567
1790 397
1773 1150
1057 397
1683 1418
209 46
397 45
1690 397
1322 1403
1093 1714
1717 397
316 358
397 504
105 397
1001 714
917 128
261 1006
1155 581
501 959
1483 397
753 397
1579 740
1325 1187
1631 1539
115 891
411 1175
250 752
1401 1478
1633 397
1337 190
1662 756
952 380
536 1149
975 1799
202 467
214 1786
1899 1304
397 820
1696 397
863 1140
342 597
1194 397
1042 397
397 860
1706 1442
462 1334
1909 298
1668 674
326 1083
1088 397
192 1293
1090 397
1606 1169
1317 397
1146 473
1763 1325
17 884
121 1363
363 973
601 159
1415 1774
962 764
397 1394
456 1860
397 1657
1275 260
1644 1579
397 155
738 1763
397 1926
1289 1254
391 1881
864 397
397 1168
417 397
1820 671
1099 1603
724 397
712 397
397 1390
1002 397
1774 1241
397 695
71 1468
397 994
1153 397
397 1048
1428 397
397 21
869 397
1918 362
334 397
397 1231
397 415
722 1911
60 1710
430 34
927 397
397 898
1634 559
921 351
700 904
1364 1397
397 76
1814 365
397 797
1610 397
1867 621
397 1071
1854 1745
397 309
397 201
75 1874
650 1614
1607 593
1006 1032
1011 370
397 1437
1742 779
397 774
518 1404
800 1312
836 397
1225 808
464 991
556 397
397 152
1673 1586
873 1191
1055 755
1010 1054
1123 100
780 1852
752 145
174 1511
397 925
915 397
452 867
405 649
490 1554
985 422
397 1434
1290 315
1009 513
518 992
1723 1
1142 1244
496 892
1179 1524
103 397
1123 268
72 1643
1228 1426
227 537
866 1908
1414 1794
886 1925
397 1388
799 397
397 381
41 377
1836 316
959 1099
1670 1156
1462 397
1432 1889
772 1850
215 1458
1743 397
1782 637
397 424
397 292
1314 685
397 1028
1835 397
187 947
397 1261
810 397
399 397
802 397
1143 1452
1661 958
1722 159
472 1858
1248 827
656 1627
669 397
927 1219
1721 1532
914 690
621 603
453 1023
397 373
70 765
1556 1412
247 1074
1537 397
171 397
1102 397
1216 405
181 626
62 1332
1825 1680
704 397
1345 397
655 344
1183 397
369 397
1550 1771
1825 397
397 728
434 397
1352 397
759 1802
643 397
397 882
1717 47
1855 871
1710 1810
755 138
1310 397
1290 1797
457 1645
1601 397
1789 1813
985 1382
1842 821
334 376
1439 397
397 1172
1872 53
1339 1845
793 1095
1117 397
947 522
397 1337
397 1085
1809 397
771 257
1204 397
49 125
872 17
1581 397
397 1648
397 35
221 397
1693 353
441 682
383 397
1535 1045
1504 848
502 1759
46 397
1843 616
1351 1844
1677 397
1252 423
397 1113
1157 1511
558 767
119 1889
1299 1043
842 397
966 397
397 1039
1045 1037
1723 787
1321 1470
1920 397
98 323
629 1383
499 1145
1316 619
234 1447
1471 1121
968 1409
397 29
1864 291
822 397
658 421
397 1280
1732 156
1463 653
1513 13
300 1584
1796 397
1616 397
616 578
476 397
120 66
1781 332
1340 361
397 1574
16 1180
354 397
533 1363
1875 397
1730 1301
1276 402
397 346
413 639
1342 397
1364 404
1710 1177
1739 605
275 1904
1124 101
330 1626
164 1549
10 938
62 679
1017 397
1709 53
1027 348
397 1107
272 1531
1487 71
397 1740
1435 816
1375 397
1641 1526
1044 12
4 1443
498 1215
787 1489
1075 690
714 198
122 1805
1384 1082
640 397
1821 1133
397 932
397 1441
654 1076
838 1496
1900 965
1271 125
1306 1902
1839 1252
1580 687
89 850
397 1655
595 896
694 409
1656 1904
585 397
1494 622
298 397
915 742
1234 720
397 1711
815 921
1215 1479
39 330
1820 1386
397 1831
397 970
886 1903
545 391
1440 710
1662 1429
182 454
470 1554
532 397
1889 1471
75 1023
269 274
1675 957
327 397
1893 1768
813 397
1858 1022
1783 1754
1658 397
1398 1849
1546 760
699 603
114 770
810 1622
1577 541
531 1841
1713 115
89 1249
236 1171
1569 397
749 397
377 1035
241 397
741 1141
1447 397
717 1122
1362 397
1863 1722
1302 955
1902 1169
246 397
996 1008
491 1150
264 397
71 530
270 1348
717 1899
961 397
397 1069
788 1319
397 1086
1328 397
1694 1326
397 974
1046 1678
461 397
397 1151
463 397
1296 397
447 397
397 1251
1741 1670
708 1136
856 421
679 1543
1381 634
397 204
1004 454
397 503
511 397
1848 397
1348 1822
1185 397
1734 716
443 1455
87 397
20 999
229 907
397 581
1884 397
397 766
625 397
470 759
1924 846
997 288
736 1448
912 1846
689 1586
244 269
397 804
564 550
1299 397
397 1201
901 397
1739 534
1452 397
1738 1605
1818 144
475 754
568 1409
1819 1845
1507 1749
294 979
1654 856
1473 151
1348 943
1565 783
397 1562
397 1167
159 1369
921 1309
1263 1910
1490 275
575 243
371 1453
1175 154
1108 397
575 37
1519 397
847 770
397 1307
494 147
397 231
1478 646
969 1729
1395 1256
286 397
1620 397
668 1062
397 232
397 1061
407 1554
588 397
891 1841
496 1198
1115 561
322 996
838 133
743 397
723 397
1789 139
397 318
305 858
397 798
1671 397
160 1521
397 916
1741 54
397 934
1421 502
1410 336
1209 397
1594 1762
379 397
1520 1688
937 1229
929 1308
1627 321
1777 1770
397 1070
480 1824
1407 397
397 1033
397 403
1611 62
308 1755
1461 397
1583 575
397 433
397 1545
637 761
1009 384
942 616
1584 676
397 219
397 248
1545 1268
1066 397
1259 397
727 390
543 1865
1462 1615
390 406
1142 397
189 1663
779 197
1062 1687
397 677
397 715
1710 480
310 1881
1408 397
397 348
571 401
33 1065
80 255
658 620
68 397
1804 581
945 278
397 8
1619 760
1691 741
104 397
1159 1397
912 1059
57 367
1276 444
397 179
1870 302
550 273
265 453
620 674
135 397
1554 673
261 341
588 1005
527 659
30 522
1474 1774
627 1685
488 1077
885 1246
814 397
1908 388
830 1599
1687 1689
1363 167
1372 279
784 397
419 1600
397 989
1580 1706
837 1124
1498 397
397 1701
1801 312
397 811
397 328
1815 397
1755 962
397 1327
1232 1572
16 1122
1304 397
54 885
182 48
1216 1164
457 397
1523 671
110 1213
1896 397
140 1558
508 732
397 58
673 530
1707 1170
826 1442
1277 397
541 397
991 668
1919 691
1738 981
1064 1500
1925 670
1934 1713
1876 835
806 397
1736 1531
397 350
1898 397
1372 397
458 549
1212 1725
397 1068
397 481
1013 397
635 566
1662 397
512 983
1186 943
1348 1890
1176 189
1932 1853
1502 681
1876 1665
84 397
397 1667
109 397
397 1288
427 1522
360 397
709 1136
1866 1765
320 1669
1594 1674
525 1414
984 462
397 345
437 397
397 218
1405 397
1799 1127
449 608
1428 1556
397 577
1134 397
397 249
397 731
914 341
6 353
397 1380
692 523
1797 598
393 397
1233 397
1371 639
397 1618
1767 992
500 471
1306 1174
1164 274
930 397
59 1605
1551 1761
1505 295
1460 397
397 1454
1760 1861
1024 397
1071 940
1321 1517
1333 1653
1895 238
23 397
1358 1509
126 380
535 1759
475 1463
397 851
1883 1678
832 397
1034 295
557 767
1119 1509
1396 282
878 312
7 397
1457 1174
1019 1211
1610 1182
1084 427
1300 1630
814 889
645 1865
484 548
397 448
598 400
1040 904
1152 1335
580 136
683 397
1329 397
971 394
397 96
1899 1247
1472 157
51 397
688 1663
228 1214
1726 339
905 397
397 862
1191 372
875 1083
114 1922
685 844
405 554
1411 397
397 1264
1435 1184
623 765
284 545
397 153
1166 368
397 1422
1289 18
406 527
853 301
150 576
1379 397
397 1912
899 256
1114 1095
793 509
397 50
1360 1684
1557 1114
1886 110
397 1625
1232 1836
325 496
1054 397
397 987
1798 741
1356 397
853 1561
1935 397
143 602
1732 397
1166 1931
1566 425
397 1737
701 230
257 251
397 450
1612 127
1157 1154
1110 397
1729 397
1906 1484
1506 1641
397 180
1591 687
1539 1334
1731 1080
1205 1829
1270 414
1447 923
397 170
1416 580
1347 28
397 1917
181 199
397 1540
805 1339
1548 397
480 545
76 67
243 1651
494 719
397 629
216 1814
1210 1139
1278 397
397 691
397 1081
397 420
887 397
1060 397
397 1481
990 397
1855 1611
397 624
1682 1668
397 865
132 1340
397 252
285 138
751 397
397 1718
606 538
1634 1025
746 385
899 164
414 997
310 1524
253 642
1189 397
208 983
1322 397
1150 321
1074 1274
303 397
30 1220
931 1611
487 397
389 262
1930 1646
1318 397
703 397
1525 1570
1523 1020
1576 945
500 1707
397 123
1833 1316
466 397
565 1338
654 65
507 139
1309 1630
939 397
1433 1238
758 397
1152 1750
397 1349
397 560
789 397
438 397
1164 1676
1366 397
1591 648
397 1862
397 1003
672 397
398 1762
1524 1230
1434 1267
911 1170
1163 1692
1145 397
397 1311
1837 397
1180 1552
140 1126
127 950
1101 397
397 776
117 1586
845 78
396 1272
1626 1539
410 1764
1118 397
397 1051
175 526
1745 1873
1798 1686
397 1916
1567 1693
1378 1491
1565 1137
893 324
1787 397
397 1224
365 1576
516 1840
661 397
953 962
711 1928
1619 10
202 1531
941 1750
256 1098
397 861
333 270
1835 1604
397 1424
397 1508
1869 817
38 1128
427 34
523 707
397 1438
1588 1166
1324 1865
872 137
397 876
11 1031
397 493
586 1578
1721 397
785 361
397 299
397 1026
884 27
803 1191
138 1781
1585 1364
1077 120
553 397
397 355
318 1355
117 768
397 551
1715 317
1782 1727
1720 397
1427 397
949 397
594 1827
1192 695
397 1733
1803 397
397 1541
489 397
1245 1339
1653 1922
1067 1105
1365 1149
397 33
72 336
1270 92
529 196
1050 1870
1287 388
773 397
611 854
870 320
397 710
1838 400
397 1777
632 1415
1807 526
469 1458
699 1827
570 1644
828 1824
397 590
1635 1328
579 1686
389 1500
863 397
1518 13
866 945
935 630
1059 257
705 397
1664 70
459 253
1378 1911
583 397
1060 378
1320 1308
1093 739
1903 1826
1241 1206
1187 1575
485 397
850 1874
397 843
1586 347
952 1015
397 32
1160 938
1097 181
363 750
909 397
595 160
1092 397
515 1446
289 1701
276 1876
619 397
1486 1239
1750 397
139 1297
426 397
873 1128
1263 676
127 1932
1266 1895
1203 94
1502 1031
397 552
1687 1659
1924 1293
1223 1683
946 1602
918 228
42 613
397 296
1385 397
1649 397
657 1929
1856 926
1560 714
220 33
1849 1202
1382 631
397 762
1283 397
1630 1704
1901 397
1419 1078
1600 599
1542 397
397 1260
1897 397
1915 397
711 322
1499 32
397 1492
1583 1775
166 632
19 397
1013 1116
1184 297
319 397
397 652
397 1258
324 175
244 1496
290 1529
1599 1933
397 678
780 24
88 1801
1593 735
1350 1656
397 1221
967 1683
1282 397
397 200
259 1731
1489 549
397 149
397 151
1718 337
404 1148
1036 1648
397 1536
1597 397
1699 397
397 1406
402 1575
565 1682
1348 271
79 397
145 411
158 1595
397 924
807 397
398 1644
1679 1227
1376 436
217 1826
1702 1145
727 250
580 397
397 618
609 397
1418 97
1654 540
188 397
1214 1888
397 1921
397 547
1477 844
1375 933
1735 1753
306 397
1303 702
985 1032
968 894
397 1482
397 1617
1445 397
397 1573
1497 1216
77 1524
397 1096
168 212
1730 55
1469 397
963 397
1515 648
247 1210
1343 1063
397 225
1599 636
397 888
680 932
571 1652
1857 1064
397 1255
108 1154
1863 1550
184 1045
929 192
514 1315
397 1913
1698 1527
99 397
397 993
1861 591
1746 397
397 713
1372 1341
1532 972
233 1457
1485 397
397 1470
117 524
434 721
31 397
148 397
213 397
397 964
818 1854
896 1225
1529 821
489 1053
106 689
323 128
1256 544
164 1320
363 1927
458 118
332 735
397 978
734 809
501 1133
176 1709
397 1823
666 812
1684 997
1776 397
1910 432
1795 1824
1315 1398
397 1319
1050 868
40 1093
694 792
1305 397
1404 37
910 667
747 397
316 544
287 397
1910 824
397 1091
127 431
520 36
203 730
1606 1449
397 173
1849 254
1509 1369
1191 443
397 178
1303 670
930 857
41 397
1265 1021
1660 397
1173 397
1346 397
238 169
397 1788
397 1208
311 283
1507 397
645 911
973 1253
371 984
263 397
1037 482
1628 344
1529 329
124 397
397 1285
1698 1115
258 397
614 562
397 25
1670 1476
1880 397
651 1088
397 386
1373 1067
2 1756
1022 1163
397 1195
1832 397
1801 1391
1436 397
1366 1503
74 708
397 730
1262 397
397 1100
331 938
1769 1359
254 1927
948 397
1735 999
1858 733
1237 397
897 918
260 579
1281 397
980 1399
397 343
859 397
397 193
794 397
61 772
851 95
834 397
1716 1607
973 1213
1685 1708
397 57
604 397
397 1171
1111 397
268 531
675 1418
1705 1396
397 408
1779 903
56 397
1029 72
366 397
852 397
509 130
1799 329
497 1594
1646 1398
397 12
199 1236
1719 957
644 397
606 535
611 1300
397 839
397 1894
1589 1279
397 227
425 1250
3 542
1757 1162
446 1371
483 732
397 452
592 754
242 397
1926 718
1801 1886
740 1602
1115 1596
1169 1666
505 397
1148 523
222 817
1008 659
1891 1162
100 1624
158 397
562 744
516 1031
282 397
1616 374
1725 92
1587 397
818 1828
89 1751
1882 397
1274 339
427 1165
850 1323
1206 2
534 468
429 517
142 397
397 877
279 291
895 397
130 364
623 483
397 1808
397 1400
397 1344
1642 1475
397 226
885 1041
81 397
1357 397
1056 702
397 582
340 1275
397 1016
326 229
1834 397
397 418
1067 1139
1160 1802
224 1374
397 94
1878 1163
1254 119
397 1331
1423 397
1656 662
1156 1847
397 1413
865 928
397 809
397 906
1861 1933
919 1198
66 184
1273 397
1905 27
746 1087
1761 397
397 1222
946 1652
698 1930
1550 1038
1592 397
1433 1716
1786 169
1779 370
775 735
265 1623
1858 792
83 1740
1471 1106
1207 397
1907 853
1211 397
883 20
1405 1811
196 1009
1112 283
397 778
397 141
143 397
1553 397
530 237
1608 397
1243 293
1287 650
185 397
118 4
305 1475
1301 951
397 1923
397 1340
1410 986
917 1794
1897 1430
1821 688
397 307
85 397
663 431
478 1534
572 102
1087 449
105 239
1719 1365
816 267
1141 325
1402 1246
880 1606
1605 1343
464 484
854 317
397 546
458 1629
1538 1484
763 317
808 423
780 557
1098 133
1559 1000
177 1039
1443 63
1243 720
1681 397
1547 397
1526 389
1877 622
1448 1744
471 1766
1039 1294
1479 610
1878 63
1120 1444
1012 944
1497 596
397 641
235 397
397 627
1765 397
223 1290
478 397
1025 1095
127 1178
270 468
1851 397
479 211
533 129
397 539
1578 709
1748 978
769 1847
1524 922
642 1819
823 140
1930 22
397 829
1109 397
612 614
1347 191
879 1256
397 600
1871 1784
1725 1742
112 1330
183 397
1178 684
529 1089
559 1494
300 1661
397 357
397 819
953 981
711 1252
524 1877
1464 1852
473 436
1103 1918
1190 1395
397 781
854 280
507 995
894 1744
1703 1537
1154 9
1064 1752
352 397
1697 397
397 435
1533 749
944 1242
957 1859
1876 397
1879 1033
696 1072
872 1613
38 467
1229 1477
1393 1830
397 954
397 913
1860 1679
1299 1052
1648 841
52 1868
397 1138
397 440
1132 331
397 1636
397 162
548 1784
1792 446
1641 594
397 1516
1161 1228
1378 716
1555 397
397 82
397 1571
656 1624
390 1135
396 397
845 1522
137 48
205 1569
1182 1772
555 91
714 1377
725 1642
1538 707
786 397
1056 698
108 1861
397 1265
568 1872
725 606
1250 1004
406 1018
11 1512
356 283
1007 397
397 1694
313 905
397 210
1336 1207
1282 506
217 444
1374 815
1694 65
397 1728
848 1588
397 977
36 1918
900 1751
726 397
353 1512
593 161
397 1218
646 626
870 431
1487 1609
397 1425
995 1791
1857 1792
846 1266
1505 1565
1197 1034
564 647
1712 255
168 1520
729 397
1659 1063
650 314
660 397
161 1497
397 1450
397 1389
397 395
647 1914
1571 1816
428 397
1642 796
397 1284
1747 397
1235 1214
397 1420
469 1564
1637 471
1058 240
1441 563
342 664
397 495
1745 761
1856 697
61 1384
1887 397
1419 397
536 1205
294 397
897 222
795 1562
397 1885
397 1589
1585 111
397 442
293 1313
1170 613
1589 492
1695 69
1012 1298
267 186
26 1390
9 690
1838 342
533 1217
686 1817
397 86
1286 397
37 517
1755 1564
1484 831
479 1467
1518 1359
34 1739
264 455
80 907
397 634
1639 397
1368 397
1806 1330
869 1780
1228 1914
486 758
519 1427
397 44
587 420
1072 1448
452 840
1669 413
1029 630
397 638
1020 1444
397 91
1112 176
960 397
1521 1775
890 397
460 650
259 883
121 1846
1891 1764
266 397
1756 971
397 375
1632 397
849 1875
690 131
976 397
1713 855
397 1785
1431 1375
1763 1392
964 515
208 958
397 1014
1934 566
439 397
397 52
1801 134
397 172
1684 305
304 1595
1621 397
657 397
1633 1793
397 116
1530 812
1417 459
1572 769
697 700
693 1124
1867 1640
1103 1015
582 1144
1302 647
401 586
397 1563
380 801
1200 515
106 540
1800 165
636 1871
720 790
397 387
125 397
1869 1080
397 122
198 1351
1421 959
397 1590
908 397
1011 211
1515 1905
497 1464
397 1456
510 397
871 1757
1332 40
1726 1072
397 102
397 392
1295 1555
1559 397
397 146
833 1718
628 971
397 64
655 520
998 685
1073 397
245 397
777 397
204 107
166 71
1766 610
608 522
956 397
323 573
445 397
1546 1865
1679 1370
492 920
397 881
1859 432
1079 397
397 584
1197 1856
397 1528
1399 997
338 397
735 488
397 1257
74 315
224 456
1240 1412
617 397
384 722
397 1269
1488 726
757 397
574 397
358 73
1552 1828
1147 425
397 578
1129 1242
172 706
1486 1745
1544 459
1892 397
1840 1147
542 1289
791 397
397 1353
589 993
397 163
903 214
397 1030
1383 745
701 1628
988 600
831 1773
397 277
1797 474
1188 1137
1813 281
397 412
1230 1158
477 1456
1490 1351
528 1216
1830 584
900 1184
1754 1252
498 251
105 14
765 1514
1493 1838
113 1193
1242 479
1650 797
397 194
1050 1653
1146 409
1354 1278
772 847
1152 1724
1501 397
801 1120
566 893
165 397
1568 1935
1742 6
1683 1358
1451 397
667 674
465 190
1812 478
1 1040
397 521
335 1083
1842 340
397 90
186 664
397 359
1535 1121
1104 550
1514 951
397 1193
397 1778
1131 397
874 1066
